epoch:50
RS:464
train_ratio:0.75
val_ratio:0.15
learning_rate:0.01
mae_train:0.06465443223714828
mae_valmod:0.39866510033607483
mae_test:0.39090133224632223
mae_val_main:0.23336448001861576
